version https://git-lfs.github.com/spec/v1
oid sha256:7f76e9350c8ab0be4fee95efb5c49136d61479a02eacd45e98b41b80a557932d
size 445656
